4 0.7828371278458844 0.29790712884238063 0.06917688266199644 0.15892740353172002
1 0.7907180385288967 0.36919555264879 0.07530647985989483 0.18247220405493783
0 0.8117338003502628 0.4921517331589274 0.06042031523642722 0.13276651406147813
0 0.7554728546409807 0.21157619359058208 0.05210157618213666 0.12361020274689341
2 0.7445271453590193 0.1353826030085023 0.05647985989492126 0.11379986919555263
2 0.8270577933450087 0.6079136690647483 0.07355516637478104 0.11837802485284506
5 0.8421628721541156 0.7341399607586657 0.07136602451838889 0.12753433616742965
5 0.7421190893169878 0.06507521255722694 0.04903677758318746 0.10268149117069979
3 0.6604640980735551 0.06638325703073905 0.03984238178633986 0.09352517985611511
3 0.6661558669001751 0.14519293655984303 0.03896672504378283 0.09156311314584696
3 0.6779772329246936 0.22694571615434922 0.04159369527145365 0.09417920209287117
3 0.6858581436077057 0.30706344015696535 0.04071803852889662 0.0948332243296272
3 0.6983362521891419 0.4012426422498365 0.047285464098073667 0.09614126880313925
3 0.7095008756567426 0.5088293001962066 0.05210157618213666 0.10202746893394377
3 0.7250437828371279 0.6164159581425768 0.04816112084063043 0.10791366906474821
3 0.7401488616462347 0.737737083060824 0.05210157618213666 0.10595160235447992
10 0.18870402802101574 0.2782864617396992 0.0586690017513135 0.1667756703727927
7 0.1762259194395797 0.36363636363636365 0.06611208406304729 0.19097449313276654
6 0.19505253940455342 0.2024198822759974 0.047723292469352044 0.1327665140614781
6 0.16243432574430822 0.4882275997383911 0.05429071803852889 0.12884238064094183
8 0.21037653239929946 0.12557226945716152 0.051225919439579694 0.12426422498364942
8 0.1690017513134851 0.6020274689339438 0.06129597197898425 0.13799869195552641
11 0.14163747810858143 0.7472204054937868 0.0669877408056042 0.13276651406147813
11 0.2112521891418564 0.05199476782210595 0.04597197898423819 0.1039895356442119
9 0.28546409807355516 0.13996075866579463 0.04290718038528899 0.09548724656638324
9 0.28721541155866903 0.05886200130804446 0.03940455341506128 0.09548724656638326
9 0.2834938704028021 0.2226945716154349 0.04071803852889669 0.0948332243296272
9 0.2778021015761821 0.3096795291039895 0.04334500875656744 0.10006540222367558
9 0.27736427320490364 0.4090909090909091 0.045096322241681225 0.09744931327665143
9 0.2670753064798599 0.5130804447351209 0.04553415061295974 0.0948332243296272
9 0.26532399299474607 0.6134728580771746 0.04903677758318739 0.1020274689339437
9 0.25197022767075306 0.7361020274689339 0.060858143607705806 0.10922171353826034