7 0.1606830122591944 0.4051667756703728 0.0753064798598949 0.20470896010464357
11 0.19636602451838878 0.08992805755395684 0.058231173380035056 0.12622629169391758
6 0.186077057793345 0.1500981033355134 0.059544658493870396 0.1484630477436233
6 0.1436077057793345 0.6661216481360366 0.074430823117338 0.14323086984957484
8 0.16309106830122594 0.5461085676913014 0.0617338003502627 0.13996075866579455
8 0.34916812609457093 0.32766514061478086 0.05385288966725044 0.13342053629823417
10 0.343476357267951 0.14813603662524527 0.06436077057793345 0.1759319816873774
9 0.41374781085814366 0.08600392413342053 0.04903677758318746 0.1092217135382603
9 0.4159369527145359 0.2472204054937868 0.049912434325744354 0.10595160235448006
9 0.27342381786339753 0.16612164813603664 0.048598949211908944 0.10856769130150425
9 0.260507880910683 0.33911052975801176 0.05078809106830125 0.10791366906474818
9 0.2611646234676007 0.4401569653368214 0.05735551663747809 0.10987573577501636
9 0.24649737302977232 0.6664486592544147 0.06304728546409812 0.11510791366906478
4 0.5194833625218914 0.4202092871157619 0.06260945709281966 0.18639633747547413
0 0.3585814360770578 0.5434924787442773 0.06129597197898425 0.1478090255068673
2 0.5941330998248687 0.33616742969260954 0.06042031523642729 0.14388489208633096
2 0.6366024518388792 0.6530412034009156 0.06567425569176887 0.16415958142576853
1 0.771891418563923 0.2949640287769784 0.07880910683012268 0.19751471550032706
0 0.6497373029772329 0.08534990189666446 0.05429071803852882 0.13799869195552647
5 0.731830122591944 0.08600392413342053 0.05560420315236424 0.12622629169391758
5 0.8056042031523643 0.540222367560497 0.06917688266199644 0.14388489208633087
3 0.7416812609457093 0.7844996729888816 0.06042031523642722 0.1131458469587965
3 0.6834500875656743 0.3453237410071942 0.049912434325744215 0.10595160235448006
3 0.5766199649737304 0.17625899280575538 0.04903677758318732 0.11183780248528451
3 0.5135726795096323 0.2622629169391759 0.047285464098073535 0.10725964682799212
3 0.6066112084063047 0.5359712230215827 0.05210157618213659 0.11445389143230869
3 0.5407180385288967 0.6677567037279268 0.052539404553415034 0.11903204708960101