5 0.8504816112084063 0.7835186396337476 0.07224168126094564 0.1321124918247221
5 0.7333625218914186 0.0817527795945062 0.053415061295972066 0.10856769130150425
4 0.7059982486865148 0.4136690647482014 0.06348511383537642 0.16939175931981687
1 0.7721103327495622 0.29921517331589276 0.07837127845884403 0.19293655984303465
2 0.8165499124343257 0.5438194898626553 0.07005253940455347 0.13145846958796595
2 0.6070490367775832 0.34139960758665794 0.05910683012259188 0.13342053629823417
0 0.7421190893169878 0.15696533682145192 0.05516637478108585 0.13472858077174626
0 0.5201401050788091 0.3315892740353172 0.047285464098073535 0.1360366252452583
3 0.7436514886164625 0.7864617396991498 0.058231173380035056 0.1131458469587965
3 0.6830122591943959 0.34401569653368214 0.04465849387040285 0.10333551340745582
3 0.5759632224168126 0.17724002616088946 0.04422066549912433 0.10856769130150425
3 0.5074430823117339 0.08894702419882276 0.04203152364273203 0.10071942446043168
3 0.5129159369527145 0.26357096141268804 0.042469352014010545 0.10333551340745582
3 0.532399299474606 0.44669718770438194 0.04553415061295974 0.104643557880968
3 0.6000437828371278 0.5461085676913014 0.04684763572679515 0.11118378024852842
3 0.5435639229422067 0.6684107259646829 0.051225919439579624 0.12034009156311307
7 0.16484238178633975 0.4048397645519948 0.07399299474605957 0.19359058207979069
8 0.35267075306479856 0.33126226291693917 0.05735551663747816 0.13538260300850227
8 0.16112084063047286 0.5467625899280576 0.0683012259194396 0.1321124918247221
11 0.3480735551663748 0.7789404839764552 0.06567425569176887 0.1399607586657947
11 0.1992119089316988 0.09058207979071288 0.049912434325744284 0.11968606932635711
6 0.18651488616462347 0.15238718116415956 0.05429071803852889 0.14257684761281883
6 0.14492119089316988 0.6661216481360366 0.06129597197898422 0.14061478090255072
10 0.27561295971978983 0.2210595160235448 0.0669877408056042 0.16481360366252454
9 0.2742994746059545 0.16808371484630477 0.04071803852889669 0.10464355788096794
9 0.2618213660245184 0.3374754741661216 0.043782837127845885 0.10202746893394377
9 0.41440455341506127 0.08534990189666448 0.04334500875656744 0.10398953564421189
9 0.41681260945709286 0.2462393721386527 0.046409807355516634 0.1066056245912361
9 0.26028896672504376 0.43884892086330934 0.04947460595446584 0.10333551340745582
9 0.24802977232924694 0.6690647482014389 0.05297723292469355 0.10856769130150432
9 0.44833625218914186 0.7890778286461739 0.05429071803852896 0.11576193590582087
9 0.43016637478108577 0.5601700457815565 0.04947460595446584 0.1105297580117724