1 0.7668563922942208 0.29921517331589276 0.07749562171628728 0.20078482668410727
5 0.8016637478108581 0.5300850228907783 0.07092819614711023 0.13407455853499017
5 0.7327057793345009 0.08534990189666448 0.05385288966725044 0.12622629169391758
2 0.5954465849387041 0.33616742969260954 0.05779334500875654 0.14126880313930676
2 0.6387915936952714 0.6546762589928057 0.0709281961471103 0.1530412034009156
3 0.7401488616462347 0.7831916285153695 0.05998248686514884 0.11576193590582087
4 0.5199211908931699 0.4241334205362982 0.06611208406304724 0.1746239372138652
3 0.577276707530648 0.17462393721386527 0.05035026269702273 0.11249182472204054
3 0.6847635726795096 0.3453237410071942 0.047285464098073667 0.1085676913015042
3 0.6052977232924693 0.5398953564421191 0.05297723292469355 0.11183780248528444
3 0.5440017513134852 0.6661216481360366 0.04684763572679515 0.11183780248528444
3 0.5151050788091068 0.26324395029430997 0.04947460595446584 0.10398953564421191
0 0.6519264448336253 0.07946370176586003 0.052539404553415034 0.13799869195552647
0 0.35967600700525393 0.5379332897318508 0.06173380035026277 0.14846304774362332
10 0.3458844133099825 0.1471550032701112 0.062171628721541146 0.17396991497710923
7 0.16396672504378282 0.4058207979071288 0.08537653239929946 0.20470896010464357
8 0.23774080560420316 0.7877697841726619 0.06917688266199651 0.15500327011118387
11 0.19614711033274956 0.08633093525179855 0.05166374781085814 0.12557226945716152
6 0.1882661996497373 0.1487900588620013 0.053415061295972 0.1432308698495749
6 0.14163747810858143 0.6618705035971223 0.07049036777583187 0.1504251144538914
8 0.3515761821366024 0.329627207325049 0.06392294220665494 0.1425768476128188
9 0.4124343257443082 0.08534990189666448 0.05078809106830125 0.1092217135382603
9 0.4163747810858144 0.24427730542838455 0.04816112084063043 0.11183780248528451
9 0.27342381786339753 0.16612164813603664 0.04947460595446584 0.10725964682799217
9 0.2589754816112084 0.3374754741661216 0.04947460595446584 0.10464355788096798
9 0.2589754816112084 0.43884892086330934 0.0556042031523643 0.11510791366906471
9 0.24956217162872155 0.6644865925441465 0.05429071803852889 0.11249182472204047