0 0.5991681260945709 0.15860039241334206 0.05735551663747816 0.1432308698495749
1 0.7692644483362522 0.29561805101373445 0.08581436077057784 0.20797907128842383
5 0.5161996497373029 0.24525833878351863 0.06392294220665494 0.12295618051013738
2 0.4382661996497373 0.24950948332243295 0.06392294220665494 0.131458469587966
2 0.4397985989492119 0.7792674950948333 0.07837127845884417 0.15892740353172002
3 0.7419001751313485 0.7805755395683452 0.06523642732049048 0.13276651406147813
5 0.568739054290718 0.0817527795945062 0.06042031523642736 0.12818835840418574
3 0.6821366024518388 0.34139960758665794 0.05691768826619965 0.11118378024852842
3 0.5418126094570929 0.6661216481360366 0.05560420315236424 0.12099411379986916
3 0.606830122591944 0.5369522563767168 0.06129597197898425 0.12164813603662526
3 0.4919001751313485 0.17037279267495095 0.05035026269702273 0.1105297580117724
3 0.41922066549912435 0.17756703727926748 0.04597197898423812 0.11576193590582082
7 0.1637478108581436 0.4087638979725311 0.08318739054290716 0.20797907128842383
10 0.3461033274956217 0.144865925441465 0.06173380035026277 0.17724002616088946
8 0.23555166374781086 0.7880967952910398 0.08231173380035027 0.15958142576847606
11 0.19855516637478107 0.08731196860693263 0.05910683012259195 0.12622629169391758
6 0.18695271453590193 0.15075212557226944 0.0586690017513135 0.1471550032701112
6 0.3566112084063047 0.4274035317200785 0.060858143607705736 0.14453891432308702
9 0.4128721541155867 0.08600392413342053 0.049912434325744354 0.1092217135382603
9 0.27342381786339753 0.1657946370176586 0.05210157618213659 0.1066056245912361
9 0.26028896672504376 0.3404185742315239 0.05385288966725044 0.11314584695879663
9 0.26028896672504376 0.43884892086330934 0.05735551663747809 0.11903204708960101
9 0.35485989492119085 0.5618051013734466 0.05735551663747816 0.1203400915631132