5 0.7324868651488617 0.08567691301504252 0.05516637478108585 0.12164813603662526
5 0.8480735551663747 0.7831916285153695 0.07530647985989483 0.1366906474820143
1 0.7723292469352014 0.2995421844342708 0.07267950963222429 0.19620667102681494
4 0.7092819614711033 0.41039895356442113 0.06567425569176887 0.16546762589928057
3 0.6830122591943959 0.34401569653368214 0.041155866900174996 0.10464355788096798
3 0.7436514886164625 0.7822105951602355 0.05560420315236424 0.10987573577501636
2 0.816768826619965 0.5464355788096795 0.07224168126094564 0.12622629169391758
2 0.6072679509632224 0.3410725964682799 0.055166374781085784 0.13799869195552647
0 0.6532399299474606 0.08142576847612817 0.049912434325744215 0.13538260300850227
0 0.5159807355516638 0.33420536298234144 0.060858143607705736 0.1386527141922825
3 0.5076619964973731 0.08992805755395684 0.042469352014010545 0.10006540222367558
3 0.5774956217162872 0.1759319816873774 0.04290718038528892 0.10202746893394377
3 0.5151050788091068 0.2658600392413342 0.04684763572679515 0.10529758011772404
3 0.5332749562171629 0.44473512099411383 0.04465849387040285 0.10464355788096788
3 0.5996059544658494 0.5461085676913014 0.047723292469352044 0.11118378024852842
3 0.5433450087565674 0.6664486592544147 0.05429071803852896 0.11510791366906478
8 0.3513572679509632 0.328973185088293 0.05910683012259195 0.13603662524525836
8 0.1604640980735552 0.5451275343361675 0.07574430823117337 0.13145846958796595
7 0.16462346760070054 0.407782864617397 0.07092819614711035 0.19293655984303465
6 0.14316987740805603 0.6651406147809026 0.06654991243432576 0.1386527141922826
6 0.18739054290718038 0.15206017004578157 0.05691768826619965 0.13538260300850227
11 0.19833625218914186 0.09189012426422499 0.0481611208406305 0.12230215827338128
11 0.34676007005253945 0.7782864617396992 0.06742556917688265 0.13865271419228264
9 0.2462784588441331 0.6680837148463048 0.05297723292469355 0.1105297580117724
9 0.2600700525394046 0.43786788750817524 0.05429071803852889 0.10137344669718774
9 0.26204028021015763 0.34139960758665794 0.05035026269702273 0.10071942446043168
10 0.27408056042031526 0.22171353826030085 0.0700525394045534 0.16481360366252448
9 0.2751751313485114 0.16383257030739043 0.04159369527145358 0.09352517985611512
9 0.41374781085814366 0.0882930019620667 0.04465849387040285 0.10071942446043168
9 0.41659369527145357 0.24460431654676257 0.04597197898423812 0.10202746893394377
9 0.4299474605954466 0.5591890124264225 0.05166374781085814 0.10856769130150432
9 0.44746059544658495 0.7880967952910398 0.05691768826619965 0.11379986919555253