1 0.7675131348511383 0.30085022890778285 0.07793345008756566 0.20143884892086336
2 0.5947898423817863 0.3384565075212557 0.0556042031523643 0.14453891432308702
2 0.4404553415061296 0.7799215173315892 0.06654991243432576 0.1602354480052321
5 0.5698336252189142 0.07946370176586003 0.05647985989492113 0.1288423806409418
5 0.5223292469352014 0.43394375408763897 0.06129597197898425 0.13799869195552647
3 0.7421190893169878 0.7812295618051013 0.062171628721541285 0.12361020274689348
3 0.6830122591943959 0.34205362982341403 0.052539404553415034 0.10987573577501636
3 0.6079246935201401 0.539568345323741 0.0503502626970228 0.11641595814257691
3 0.5418126094570929 0.6635055591890123 0.058231173380035056 0.11445389143230862
3 0.5155429071803853 0.2642249836494441 0.05385288966725044 0.10333551340745582
3 0.4921190893169877 0.17168083714846302 0.049912434325744354 0.10922171353826032
0 0.5974168126094571 0.1592544146500981 0.051225919439579624 0.1497710922171354
0 0.3542031523642732 0.5382603008502289 0.06830122591943955 0.14911706998037935
10 0.3471978984238179 0.1474820143884892 0.05779334500875654 0.17724002616088946
8 0.2379597197898424 0.7887508175277959 0.0731173380035026 0.16219751471550042
8 0.34938704028021017 0.32406801831262266 0.06042031523642736 0.13538260300850227
6 0.35726795096322245 0.4296926095487246 0.056042031523642746 0.1386527141922825
6 0.18498248686514887 0.15042511445389142 0.06873905429071804 0.14257684761281883
11 0.19767950963222417 0.09254414650098103 0.0564798598949212 0.1209941137998692
7 0.16418563922942206 0.4054937867887508 0.07793345008756566 0.20274689339437543
9 0.41068301225919435 0.08600392413342053 0.05078809106830125 0.1092217135382603
9 0.27495621716287216 0.1674296926095487 0.05078809106830125 0.10464355788096794
9 0.26028896672504376 0.33780248528449963 0.04947460595446584 0.10137344669718774
9 0.2591943957968476 0.4349247874427731 0.053415061295972 0.11118378024852842
9 0.24956217162872155 0.6667756703727926 0.0586690017513135 0.11576193590582082