0 0.7084063047285464 0.6141268803139307 0.07180385288966726 0.13603662524525825
1 0.7880910683012259 0.36657946370176586 0.08056042031523648 0.2020928711576193
4 0.5996059544658494 0.2936559843034663 0.060858143607705806 0.1778940483976455
5 0.8380035026269703 0.7331589274035317 0.08231173380035027 0.1347285807717462
5 0.5884413309982487 0.06507521255722694 0.04816112084063043 0.1170699803793329
3 0.664185639229422 0.1432308698495749 0.04465849387040285 0.10595160235448003
3 0.6757880910683013 0.22596468279921517 0.04947460595446584 0.10398953564421191
3 0.7005253940455342 0.40287769784172667 0.05429071803852882 0.10725964682799212
3 0.7077495621716288 0.5062132112491825 0.05297723292469341 0.10856769130150418
3 0.6403239929947462 0.7406801831262263 0.05735551663747809 0.11837802485284499
3 0.5179509632224168 0.06671026814911708 0.04553415061295974 0.10856769130150425
3 0.5201401050788091 0.30085022890778285 0.047285464098073535 0.10464355788096794
2 0.5899737302977233 0.13374754741661216 0.05210157618213666 0.1353826030085023
2 0.44264448336252193 0.39535644211903204 0.05691768826619965 0.14453891432308702
10 0.3636164623467601 0.2949640287769784 0.06523642732049034 0.17135382603008503
11 0.2535026269702277 0.7393721386527142 0.06742556917688265 0.1314584695879661
11 0.20577933450087565 0.05493786788750817 0.059544658493870396 0.10987573577501634
7 0.1709719789842382 0.36265533028122954 0.07399299474605957 0.19293655984303465
6 0.15783712784588444 0.4875735775016351 0.06348511383537654 0.13669064748201443
8 0.3651488616462347 0.19097449313276652 0.05429071803852896 0.12949640287769787
8 0.16243432574430822 0.6033355134074558 0.07443082311733801 0.14323086984957484
9 0.43695271453590195 0.3008502289077828 0.04903677758318746 0.10595160235448003
9 0.28568301225919446 0.05820797907128842 0.04947460595446587 0.10333551340745585
9 0.28809106830122594 0.21680837148463047 0.049036777583187426 0.10398953564421191
9 0.27342381786339753 0.4087638979725311 0.05998248686514884 0.10464355788096788
9 0.26357267950963226 0.512753433616743 0.056042031523642746 0.10333551340745582
9 0.2631348511383538 0.6160889470241988 0.05779334500875654 0.10987573577501636
9 0.45008756567425573 0.738064094179202 0.05516637478108585 0.11837802485284499