8 0.42972854640980734 0.15860039241334206 0.05910683012259195 0.14061478090255067
8 0.23445709281961472 0.7913669064748201 0.07924693520140107 0.15958142576847606
7 0.16418563922942206 0.4090909090909091 0.08581436077057791 0.2138652714192282
10 0.34413309982486867 0.15173315892740352 0.06654991243432576 0.17527795945062133
11 0.1978984238178634 0.08862001308044473 0.0700525394045534 0.131458469587966
6 0.18651488616462347 0.1514061478090255 0.06567425569176881 0.14715500327011116
6 0.3557355516637478 0.4260954872465664 0.06436077057793345 0.14846304774362332
9 0.4115586690017513 0.08338783518639634 0.05691768826619965 0.105297580117724
9 0.2723292469352014 0.16415958142576847 0.053415061295972 0.10202746893394377
9 0.25853765323992994 0.33584041857423147 0.05735551663747809 0.11445389143230869
9 0.24824868651488619 0.6631785480706344 0.05779334500875654 0.11772400261608897
9 0.2600700525394046 0.4365598430346632 0.05691768826619965 0.11968606932635704
1 0.7679509632224168 0.2988881621975147 0.08406304728546406 0.2066710268149117
2 0.5978546409807356 0.33649444081098756 0.05910683012259188 0.15107913669064746
2 0.44023642732049034 0.7818835840418573 0.07136602451838875 0.15369522563767182
5 0.5685201401050788 0.07717462393721387 0.05385288966725044 0.1294964028776978
5 0.521015761821366 0.4359058207979071 0.062171628721541146 0.13930673642903854
0 0.5965411558669002 0.1592544146500981 0.048598949211908875 0.1497710922171354
0 0.3592381786339755 0.5431654676258992 0.06260945709281966 0.1497710922171354
3 0.5144483362521892 0.2648790058862001 0.04816112084063043 0.10856769130150425
3 0.489492119089317 0.17168083714846302 0.05078809106830125 0.10268149117069979
3 0.686077057793345 0.34728580771746237 0.052539404553415034 0.11118378024852842
3 0.74430823117338 0.7851536952256376 0.059544658493870466 0.1209941137998691
3 0.6063922942206654 0.5405493786788751 0.05166374781085807 0.12753433616742965
3 0.542907180385289 0.6628515369522563 0.05779334500875654 0.12361020274689341